


20;07;DEBUG;Pulses=131;Pulses(uSec)=250,2850,250,310,250,1410,240,1390,250,330,250,320,250,1400,250,320,250,1400,240,320,260,1390,250,320,250,1400,250,1390,250,330,250,320,250,1410,250,320,250,1390,260,1390,250,320,260,310,260,1390,250,330,240,1400,250,1390,250,330,250,1380,260,330,240,330,250,1400,240,320,260,1400,250,330,240,1400,250,320,250,1400,250,1390,250,330,250,1380,260,330,250,320,250,1390,260,1380,250,330,250,1390,250,330,250,1390,250,350,240,1390,250,330,250,320,250,1400,250,320,250,1400,250,330,230,1400,250,330,240,1400,250,320,250,1400,250,320,250,1400,250,310,260,1390,250;
20;08;NewKaku;ID=010930de;SWITCH=1;CMD=OFF;

20;01;DEBUG;Pulses=131;Pulses(uSec)=240,2860,240,320,250,1410,240,1400,240,330,250,330,230,1410,240,330,240,1410,240,330,240,1410,240,330,240,1400,240,1410,230,340,250,320,240,1420,240,330,240,1410,240,1400,240,340,240,330,240,1400,250,330,230,1420,230,1400,240,340,240,1400,240,340,240,320,250,1410,240,330,240,1410,250,330,240,1400,250,330,230,1410,240,1400,240,340,240,1400,240,340,240,320,250,1400,250,1390,250,330,250,1400,240,330,240,1400,240,350,240,1400,240,350,230,340,230,1410,240,330,240,1420,230,1390,250,340,240,330,230,1420,230,330,250,1400,240,330,240,1410,240,340,230,1400,240;
20;02;NewKaku;ID=010930de;SWITCH=1;CMD=ON;
20;04;DEBUG;Pulses=131;Pulses(uSec)=240,2860,230,330,250,1400,240,1400,250,340,230,340,230,1410,240,320,250,1410,240,330,240,1410,240,330,240,1400,240,1400,240,350,230,340,230,1430,230,330,240,1410,240,1400,240,340,240,330,240,1420,230,340,230,1400,250,1390,250,330,250,1390,250,340,230,330,240,1410,240,330,240,1420,240,330,240,1410,240,330,240,1420,230,1400,240,340,240,1400,240,340,240,320,240,1400,240,1400,240,340,240,1400,240,340,240,1400,240,350,240,1400,240,340,240,330,240,1410,240,330,230,1420,230,1400,250,330,240,330,240,1410,240,330,240,1410,240,320,250,1410,240,330,240,1400,240;
20;05;NewKaku;ID=010930de;SWITCH=1;CMD=ON;
