
# Line receive from RFSkipper
# Should be a Oregon Scientific Protocol 

20;06;DEBUG;Pulses=123;Pulses(uSec)=500,470,500,470,510,470,500,480,500,470,500,480,500,470,500,480,500,470,500,480,500,480,490,480,500,470,510,470,500,470,510,470,500,480,490,480,500,480,500,470,500,470,510,470,500,480,500,960,990,960,500,480,500,470,990,470,500,960,1000,470,500,960,500,480,990,960,990,470,500,960,990,470,510,960,990,960,990,960,500,470,510,470,500,480,980,480,500,960,990,960,990,960,990,480,500,960,500,470,510,470,500,480,490,480,500,470,510,470,500,470,990,480,500,960,500,480,500,470,990,960,500,480,500;
20;00;Oregon;ID=62D;POWER=213;FLAG=8

20;07;DEBUG;Pulses=123;Pulses(uSec)=510,470,500,470,510,470,500,480,500,470,510,470,500,470,500,480,500,470,510,470,500,470,510,470,500,470,510,470,500,470,510,470,500,480,500,470,500,480,500,470,500,480,500,470,500,480,500,960,990,960,500,470,510,470,990,470,510,960,500,470,1000,950,500,480,990,960,990,470,510,950,990,480,500,960,990,960,990,960,500,480,500,470,500,480,990,950,1000,950,510,470,990,960,990,480,500,960,500,470,510,470,500,470,510,470,500,480,500,470,500,480,990,470,500,960,510,470,500,470,990,480,500,470,500;
20;01;Oregon;ID=62D;POWER=210;FLAG=8

20;0A;DEBUG;Pulses=125;Pulses(uSec)=500,470,500,480,500,470,510,470,500,470,500,480,500,470,500,480,500,470,510,470,500,470,510,470,500,470,510,470,500,480,500,470,500,480,500,470,500,470,510,470,500,480,500,470,500,480,500,960,990,960,500,470,510,470,990,480,500,960,500,470,510,470,990,960,990,960,990,470,510,960,990,470,500,960,990,960,990,960,510,470,500,470,500,480,990,470,510,470,500,470,500,960,510,470,500,470,1000,470,500,960,500,470,510,470,510,460,510,470,500,470,510,470,500,470,1000,960,500,470,500,480,990,470,500,960,990;
20;0B;DEBUG;Pulses=125;Pulses(uSec)=510,470,500,470,510,470,500,470,510,470,500,480,500,470,500,470,510,470,500,470,510,470,510,470,500,470,510,470,500,470,510,470,500,470,510,470,500,470,510,470,510,460,510,470,500,470,510,960,990,960,500,470,510,470,990,470,510,950,1000,470,500,960,500,480,980,960,1000,470,500,960,990,480,500,960,990,950,1000,960,500,470,510,470,500,480,990,470,500,960,1000,950,510,470,500,470,990,480,500,960,500,470,510,470,500,470,510,470,500,470,510,470,500,470,510,470,990,470,510,950,1000,470,500,960,510,470,500;
20;0E;DEBUG;Pulses=125;Pulses(uSec)=500,480,500,470,500,480,500,470,510,470,500,470,510,470,500,470,500,480,500,470,510,470,500,470,510,470,500,470,510,470,500,470,510,470,500,470,510,470,500,480,500,470,500,480,500,470,510,950,1000,950,510,470,510,460,1000,470,500,960,500,470,1000,950,510,470,990,960,990,480,500,960,990,470,510,950,1000,950,1000,950,510,470,500,480,500,470,990,960,500,470,510,470,990,960,510,460,1000,470,510,950,510,470,510,460,510,470,500,470,510,470,500,470,510,470,500,470,1000,470,500,470,510,950,1000,470,500,470,510;
20;11;DEBUG;Pulses=121;Pulses(uSec)=490,480,500,480,490,480,500,480,490,480,500,480,490,490,490,480,490,480,500,480,500,480,490,480,500,470,500,480,500,470,500,480,500,480,500,470,500,480,500,470,500,480,490,480,500,480,490,970,990,960,500,470,510,470,990,470,500,960,990,960,510,470,500,480,980,970,990,470,500,960,990,480,500,950,1000,960,990,960,500,480,500,470,500,480,990,950,510,470,990,480,500,960,990,950,1000,960,500,480,490,480,500,480,500,470,500,470,510,470,500,480,980,960,990,480,500,960,990,480,500,950,510;
20;14;DEBUG;Pulses=221;Pulses(uSec)=490,480,500,480,500,480,490,480,490,490,490,480,490,490,490,480,500,480,500,470,500,480,490,480,500,480,490,480,500,480,490,480,500,480,500,470,500,480,490,490,490,480,500,470,500,480,500,960,990,960,500,480,500,470,990,480,490,970,500,480,490,480,500,470,500,480,980,970,990,470,500,960,990,480,500,960,990,960,990,960,500,480,490,480,500,480,980,970,980,480,500,480,490,970,990,960,990,960,500,480,500,470,500,480,490,480,500,480,490,480,500,480,500,470,500,480,500,470,990,960,500,480,500,480,490,480,980,970,500,470,990,480,500,960,500,480,970,970,990,470,500,480,490,480,500,960,500,480,500,470,500,480,500,480,980,970,500,470,500,480,490,480,500,480,490,480,500,480,500,470,500,480,500,470,500,480,500,470,500,480,500,480,490,480,500,470,510,470,500,470,500,480,500,480,490,480,990,470,500,970,980,970,990,470,500,960,500,480,500,470,500,480,990,470,500,480,500,960,500,480,490;
20;18;DEBUG;Pulses=121;Pulses(uSec)=510,470,510,470,500,470,510,470,500,470,510,470,500,470,510,470,500,470,510,470,500,470,510,470,500,480,500,470,500,480,500,470,510,460,510,470,510,470,500,470,510,470,500,470,510,470,500,960,990,960,500,470,510,470,990,480,500,960,990,470,500,960,510,460,1000,960,990,470,510,950,1000,470,500,960,990,960,990,960,510,460,510,470,510,470,990,960,990,960,990,960,990,960,990,960,500,480,500,470,510,460,510,470,510,470,500,470,510,470,500,470,510,460,1000,470,500,470,510,960,990,960,500;
20;19;DEBUG;Pulses=121;Pulses(uSec)=500,470,510,470,500,470,510,470,500,470,510,470,510,460,510,470,510,460,510,470,510,460,510,470,510,470,500,470,510,470,500,470,510,460,510,470,510,470,500,470,510,470,500,470,510,470,500,960,990,960,510,460,510,470,1000,460,510,960,500,470,1000,950,510,470,990,960,990,470,510,950,1000,470,510,950,990,960,990,960,510,470,500,470,510,470,990,960,510,460,1000,470,500,960,990,960,990,960,500,470,510,470,500,480,500,470,510,470,500,470,500,480,990,470,510,950,1000,960,500,470,990,470,510;
